[main]
startItmInd=1
cursorType=1
[sound]
action=Sounds\button_bloop.wav
[cursor2D]
img=Textures\Menu\cursor_1.tga
size=0.05,0.06666667
color=255,255,255,255
[fonts]
font_0="Arial Black", 0.028125
[itm_0]
type=Button2D
ID=0
cursorOfs=0,0,0
links=-1,-1,-1,-1
image=Textures\Menu\playtutorial_title.tga
sLoc=0.2765625,0
eLoc=0.2765625,0.0875
size=0.4,0.266666667
sAlpha=0
eAlpha=255
delay=1000
[itm_1]
type=ButtonText
ID=1
cursorOfs=-0.05,0.01,0
links=-1,-1,2,2
fontInd=0
text=YES
sLoc=0,0.385416667
eLoc=0.325,0.385416667
color=255,0,127
sAlpha=0
eAlpha=255
delay=1000
[itm_2]
type=ButtonText
ID=2
cursorOfs=-0.05,0.01,0
links=-1,-1,1,1
fontInd=0
text=NO
sLoc=1,0.385416667
eLoc=0.5515625,0.385416667
color=255,0,127
sAlpha=0
eAlpha=255
delay=1000
