[main]
cursorType=1
startItmInd=4
[sound]
action=Sounds\button_bloop.wav
[cursor2D]
img=Textures\Menu\cursor_1.tga
size=0.05,0.06666667
color=255,255,255,255
[fonts]
font_0="Comic Sans MS", 0.028125
font_1="Arial Black", 0.015625
font_2="Comic Sans MS", 0.025
[itm_0]
type=Button2D
ID=0
cursorOfs=0,0,0
links=-1,-1,-1,-1
image=Textures\Stages\select_help.tga
sLoc=0.28125,0.67
eLoc=0.28125,0.67
size=0.3984375,0.133333333
sAlpha=0
eAlpha=255
delay=500
[itm_1]
type=ButtonText
ID=1000
cursorOfs=0,0,0
links=-1,-1,-1,-1
fontInd=0
text= 
sLoc=0.4765625,0.5588
eLoc=0.4765625,0.5588
color=255,255,255
sAlpha=0
eAlpha=255
delay=650
bCenter=1
[itm_2]
type=ButtonText
ID=2000
cursorOfs=0,0,0
links=-1,-1,-1,-1
fontInd=1
text= 
sLoc=0.23125,0.622916667
eLoc=0.23125,0.622916667
color=0,255,0
sAlpha=0
eAlpha=255
delay=650
bCenter=0
[itm_3]
type=ButtonText
ID=3000
cursorOfs=0,0,0
links=-1,-1,-1,-1
fontInd=1
text= 
sLoc=0.5265625,0.622916667
eLoc=0.5265625,0.622916667
color=255,255,0
sAlpha=0
eAlpha=255
delay=650
bCenter=0
[itm_4]
type=ButtonText
ID=1
cursorOfs=-0.054,0,0
links=2,2,-1,-1
fontInd=2
text=PLAY LEVEL
sLoc=0.4240625,0.820833333
eLoc=0.4240625,0.820833333
color=255,0,255
sAlpha=0
eAlpha=255
delay=650
bCenter=0
[itm_5]
type=ButtonText
ID=2
cursorOfs=-0.054,0,0
links=1,1,-1,-1
fontInd=2
text=LEAVE
sLoc=0.4240625,0.910416667
eLoc=0.4240625,0.910416667
color=255,0,255
sAlpha=0
eAlpha=255
delay=650
bCenter=0
[level_select]
cursor_1_img=Textures\Stages\circ_1.tga
cursor_2_img=Textures\Stages\circ_2.tga
cursor_3_img=Textures\Stages\circ_3.tga
cursor_rot_spd_1=-1.5
cursor_rot_spd_2=2
cursor_move_delay=300
cursor_size=0.1,0.1333
stage_sLoc=0.0890625,0.04375
stage_eLoc=0.8875,0.575
dot_0_img=Textures\Stages\c_unlock.tga
dot_1_img=Textures\Stages\c_done.tga
dot_2_img=Textures\Stages\c_lock.tga
level_dot_size=0.025,0.033
