[main]
cursorType=1
startItmInd=1
[sound]
action=Sounds\button_bloop.wav
[fonts]
font_0="Arial Black", 0.05625
font_1="Comic Sans MS", 0.028125
[cursor2D]
img=Textures\Menu\cursor_1.tga
size=0.05,0.06666667
color=255,255,255,255
[itm_0]
type=ButtonText
ID=0
cursorOfs=0,0,0
links=-1,-1,-1,-1
fontInd=0
text=WUSS-OUT?
sLoc=1,0.0625
eLoc=0.1625,0.0625
color=255,0,255
sAlpha=0
eAlpha=255
delay=400
[itm_1]
type=ButtonText
ID=1
cursorOfs=-0.05,0,0
links=3,2,-1,-1
fontInd=1
text=RETURN
sLoc=1,0.289583333
eLoc=0.2625,0.289583333
color=0,255,0
sAlpha=0
eAlpha=255
delay=600
[itm_2]
type=ButtonText
ID=2
cursorOfs=-0.05,0,0
links=1,3,-1,-1
fontInd=1
text=SAVE AND RETURN TO MENU
sLoc=1,0.483333333
eLoc=0.3515625,0.483333333
color=255,255,0
sAlpha=0
eAlpha=255
delay=800
[itm_3]
type=ButtonText
ID=3
cursorOfs=-0.05,0,0
links=2,1,-1,-1
fontInd=1
text=SAVE AND EXIT GAME
sLoc=1,0.695833333
eLoc=0.4390625,0.695833333
color=255,0,0
sAlpha=0
eAlpha=255
delay=1000
